0.0001 1.9268476587215307e-16
0.020139879759519037 0.01980601348029816
0.04017975951903808 0.01765845755624952
0.06021963927855711 0.6368086868544476
0.08025951903807615 0.23550800429870133
0.1002993987975952 -0.10798296696232206
0.12033927855711422 1.0087346888903794
0.14037915831663325 0.028439571100546162
0.1604190380761523 2.4273913804807354
0.18045891783567133 0.0038252103056770352
0.20049879759519038 4.542813189063949
0.22053867735470942 -0.158742439332026
0.24057855711422843 0.24150669439993694
0.26061843687374747 -0.4337647929422894
0.2806583166332665 0.7265899132481066
0.30069819639278556 1.317711938472814
0.3207380761523046 0.2082981087456234
0.34077795591182364 2.137181942462159
0.3608178356713427 0.01590689807419772
0.3808577154308617 1.4854667151356742
0.40089759519038076 0.20025069585295807
0.4209374749498998 1.2800487946216073
0.44097735470941885 0.5504276460194367
0.4610172344689379 0.2742761448694013
0.4810571142284569 2.3513865444913744
0.5010969939879759 0.11686021732906814
0.521136873747495 -0.17652976203913207
0.541176753507014 0.012504379339765401
0.561216633266533 0.6920264764308571
0.5812565130260521 0.20020466650158322
0.6012963927855711 1.8122258736293906
0.6213362725450902 0.578565534285641
0.6413761523046092 0.5092038378535354
0.6614160320641282 1.3230235487246653
0.6814559118236473 0.10568174703521643
0.7014957915831663 1.4367916996503012
0.7215356713426854 0.08364875456729055
0.7415755511022044 -0.05735643113580187
0.7616154308617235 0.19814328078054275
0.7816553106212425 1.1728527339393002
0.8016951903807615 0.5977081304139238
0.8217350701402806 0.5742390946245904
0.8417749498997996 0.48936387070693255
0.8618148296593187 0.020166661443208944
0.8818547094188377 0.3742078439528024
0.9018945891783567 0.027812339300423233
0.9219344689378758 -0.03735956889495411
0.9419743486973948 0.0476737689675633
0.9620142284569138 0.44365005119449064
0.9820541082164328 -0.04660593003007988
1.0020939879759518 0.15486277270921855
1.022133867735471 0.5798800463524407
1.04217374749499 0.0037395556336608763
1.062213627254509 1.100076397781599
1.082253507014028 0.025219857927509737
1.1022933867735472 0.032906335265959964
1.122333266533066 -0.14439384440940375
1.1423731462925852 0.6082319845586599
1.1624130260521042 0.493869548415471
1.1824529058116233 0.10693573631913307
1.2024927855711423 0.07935099492268237
1.2225326653306614 0.008686418151292525
1.2425725450901803 0.5667142908030037
1.2626124248496995 -0.002685745060370181
1.2826523046092184 0.6150901090794832
1.3026921843687373 0.13815815058432013
1.3227320641282565 0.003417589710261014
1.3427719438877754 0.350072891399041
1.3628118236472946 0.012921301584151765
1.3828517034068135 0.5415442148071387
1.4028915831663327 -0.0007782010158745951
1.4229314629258516 0.23247882379542836
1.4429713426853708 0.023239266827989116
1.4630112224448897 0.7526972815168639
1.4830511022044088 0.19772105839457155
1.5030909819639278 0.13683652987333778
1.523130861723447 0.04662954592385312
1.5431707414829658 0.02889971133995653
1.563210621242485 0.3491688999537017
1.583250501002004 -0.00014624589722038784
1.603290380761523 0.9623799804039117
1.623330260521042 0.010976097224963276
1.6433701402805612 0.32035718736354035
1.66341002004008 0.08974793545397226
1.6834498997995992 -0.04863595388834549
1.7034897795591182 -0.11202969633582656
1.7235296593186373 0.04199284993144284
1.7435695390781563 -0.0620403284205934
1.7636094188376754 1.0761178230054297e-05
1.7836492985971943 0.3175637091740119
1.8036891783567135 0.04252404817538764
1.8237290581162324 0.15513134392120553
1.8437689378757516 0.0023728699203096836
1.8638088176352705 0.07483448769993177
1.8838486973947897 0.2756298914832043
1.9038885771543086 0.01043757220726255
1.9239284569138275 0.34025592270256494
1.9439683366733467 0.00012058688181216012
1.9640082164328656 0.5253232567139611
1.9840480961923848 0.015604614133736079
2.004087975951904 0.05237066273959752
2.024127855711423 0.12886911020920655
2.044167735470942 0.0948469228407663
2.064207615230461 0.05974541271518498
2.08424749498998 0.009008449009433076
2.1042873747494992 0.47601974971761574
2.1243272545090184 0.0006883296497074591
2.144367134268537 0.2932508471148748
2.1644070140280562 0.08611617899528108
2.1844468937875754 0.1257173650700442
2.2044867735470945 0.23692238004355717
2.2245266533066133 0.1279240466884988
2.2445665330661324 -0.00845019376842181
2.2646064128256516 0.026183327694358355
2.2846462925851707 0.2359541834617962
2.3046861723446894 0.0011480391337998145
2.3247260521042086 -0.030309208973683444
2.3447659318637277 0.01836578126208357
2.364805811623247 0.12323293053136451
2.3848456913827656 0.1678643054599644
2.4048855711422847 0.0041332977160066006
2.424925450901804 0.11066998485579498
2.444965330661323 0.009024897786903411
2.4650052104208418 0.027823760444563434
2.485045090180361 0.0011893699051359866
2.50508496993988 0.1500329808473975
2.525124849699399 0.01613217456716116
2.545164729458918 0.07204760909314499
2.565204609218437 0.09473079502627474
2.5852444889779562 0.013831027005803024
2.605284368737475 0.060991422708543234
2.625324248496994 0.012406561237347425
2.6453641282565132 0.18832252883166045
2.6654040080160324 0.0005701541310862933
2.685443887775551 0.0936100115659268
2.7054837675350702 0.06001838144384398
2.7255236472945894 0.14129236397407322
2.7455635270541086 0.08578709209887186
2.7656034068136273 0.04163489034146694
2.7856432865731464 -0.002230891437672808
2.8056831663326656 0.005140749783448512
2.8257230460921847 0.13289411943531382
2.8457629258517034 -0.0013957612502129846
2.8658028056112226 0.0030963661863869156
2.8858426853707417 0.04926636777704662
2.905882565130261 0.020126645649170872
2.9259224448897796 -0.020575647177932265
2.9459623246492987 0.006947226795198442
2.966002204408818 0.033338652701169806
2.986042084168337 -0.0003450157568034947
3.0060819639278558 0.2851913363408905
3.026121843687375 0.002987043228974132
3.046161723446894 0.025839433528012917
3.066201603206413 0.0586430492731304
3.086241482965932 0.10290809532328775
3.106281362725451 -0.016077048205900932
3.1263212424849702 -0.015431900146319547
3.1463611222444894 -0.028181824838808118
3.166401002004008 -0.0005881128168297711
3.1864408817635272 0.09941499282465555
3.2064807615230464 0.005452379206270887
3.226520641282565 -0.07679425589636708
3.2465605210420843 0.022467063749678128
3.2666004008016034 0.06803357017820082
3.2866402805611226 0.004633334777507334
3.3066801603206413 -0.007272240869133944
3.3267200400801604 -0.01772810936727598
3.3467599198396796 0.000651735356638931
3.3667997995991987 0.020248089699588415
3.3868396793587174 0.0006621615748144346
3.4068795591182366 0.028620244184808987
3.4269194388777557 0.007666338547567626
3.446959318637275 0.023306852476112697
3.4669991983967936 0.006459157827355527
3.4870390781563128 0.008301181885035983
3.507078957915832 0.07684520147442975
3.527118837675351 0.00027207291037270067
3.5471587174348698 0.048448138805377766
3.567198597194389 0.0014725111609701898
3.587238476953908 0.06281896949220482
3.6072783567134272 0.015421767747631765
3.627318236472946 0.022741010833323947
3.647358116232465 0.08087826952702434
3.6673979959919842 0.005912537142296034
3.6874378757515034 0.13110251698461486
3.707477755511022 6.948474595862724e-06
3.7275176352705413 0.021133475382315633
3.7475575150300604 0.00507389134239711
3.7675973947895796 -0.009218346938809015
3.7876372745490983 5.58245847158186e-05
3.8076771543086174 0.02569801910215855
3.8277170340681366 -0.03116339603028758
3.8477569138276553 -0.0018439858185503033
3.8677967935871744 0.02248674204852579
3.8878366733466936 8.990053086748959e-07
3.9078765531062127 0.03722944756711625
3.9279164328657314 0.00798238619003105
3.9479563126252506 0.011081676354448114
3.9679961923847697 0.023456857283456697
3.988036072144289 -0.00022097451832980361
4.008075951903807 0.03618394083159254
4.028115831663326 0.004095706494022199
4.0481557114228455 0.09862742402858322
4.068195591182365 8.427111658489447e-06
4.088235470941884 0.035266516143492785
4.108275350701403 0.009762887264444589
4.128315230460921 0.009376711896504368
4.14835511022044 0.0181902077080906
4.1683949899799595 0.005520931096049855
4.188434869739479 0.010031143953053821
4.208474749498998 0.005106545831195048
4.228514629258517 0.03687203003913475
4.248554509018036 0.00024773176956430676
4.268594388777555 0.028676305830539546
4.2886342685370735 0.00392911394021797
4.308674148296593 -0.009926835392709374
4.328714028056112 0.04347777799545245
4.348753907815631 -0.01036802218629598
4.36879378757515 -0.02583801651926169
4.388833667334669 0.0016786797443235255
4.408873547094188 0.011123050263166378
4.428913426853708 0.00030098735436001237
4.448953306613226 -0.009425846481067033
4.468993186372745 0.007188510784797028
4.489033066132264 0.042045270355683374
4.509072945891783 0.007318416687754706
4.5291128256513025 0.012478965399784426
4.549152705410822 0.028023233896798998
4.569192585170341 0.00365184485333812
4.589232464929859 0.06482455792150352
4.609272344689378 0.0007782769896733637
4.629312224448897 0.013208691264512793
4.6493521042084165 0.003972007392329906
4.669391983967936 0.021709053811381294
4.689431863727455 -0.007814634530313594
4.709471743486974 0.008171302323430937
4.729511623246493 0.002455794976252881
4.749551503006011 -0.0009269867500351742
4.7695913827655305 0.00253830640425211
4.78963126252505 0.0003459918210327596
4.809671142284569 0.017875108095388392
4.829711022044088 0.00266585132741409
4.849750901803607 -0.0043120775591686785
4.869790781563126 0.014458532302977417
4.889830661322645 0.004412239232301811
4.909870541082164 0.04277873262283506
4.929910420841683 0.0002647138508738475
4.949950300601202 0.021265472177739147
4.969990180360721 -0.0003556818086020516
4.99003006012024 0.000369699940277633
5.0100699398797595 -2.4917445074403787e-17
5.030109819639279 -0.03741906569540672
5.050149699398798 0.09115245318384922
5.070189579158316 0.23500945424853392
5.090229458917835 0.43848050697255275
5.110269338677354 0.2599416828175718
5.1303092184368735 -0.13508103761904577
5.150349098196393 0.13353336679243852
5.170388977955912 1.382576239327615
5.190428857715431 0.017352577787278452
5.210468737474949 2.1585662878670946
5.230508617234468 0.7312183896493705
5.2505484969939875 2.288443285269559
5.270588376753507 1.9117587850343756
5.290628256513026 0.5771375180687804
5.310668136272545 -0.18056947647931196
5.330708016032064 0.1960477164481943
5.350747895791583 0.0874687048877614
5.3707877755511015 0.02687577325831863
5.390827655310621 2.6136151151018865
5.41086753507014 0.4024334347033569
5.430907414829659 -0.1556564073843423
5.450947294589178 0.09729506748685997
5.470987174348697 0.3561087277079491
5.4910270541082165 0.06749680768551508
5.511066933867736 -0.04061820649431492
5.531106813627254 -0.17601200351911167
5.551146693386773 -0.003606264643930071
5.571186573146292 1.0681086294488853
5.591226452905811 0.10704191476483851
5.6112663326653305 0.41690179811211486
5.63130621242485 0.4416330224729699
5.651346092184369 0.05620125585299447
5.671385971943888 0.5052794841821863
5.691425851703406 0.026465823138206973
5.711465731462925 0.7654889414835846
5.7315056112224445 -0.018511300905630225
5.751545490981964 0.6247970726357762
5.771585370741483 0.2524429216965568
5.791625250501002 0.39603797060600604
5.811665130260521 0.2907405331802444
5.831705010020039 0.06544904751627892
5.8517448897795585 1.538078339125612
5.871784769539078 0.01411270740242356
5.891824649298597 -0.8582581254496926
5.911864529058116 0.020273058966215347
5.931904408817635 1.1660908485949488
5.951944288577154 0.37592403059015
5.9719841683366734 0.08908703482301111
5.992024048096192 0.5053303326179002
6.012063927855711 0.025714946371929306
6.03210380761523 0.7290800682007673
6.052143687374749 -0.0004261627250775956
6.072183567134268 0.5420319576826556
6.0922234468937875 0.03215071606412782
6.112263326653307 -0.2853357744879484
6.132303206412826 0.4020337010553591
6.152343086172344 0.6777747424334154
6.172382965931863 0.4011614354381472
6.192422845691382 0.06389565107543943
6.2124627254509015 0.666104408167428
6.232502605210421 0.0007035962776574003
6.25254248496994 0.4043307249532532
6.272582364729459 -0.005297547603946846
6.292622244488978 0.5034975342401435
6.312662124248496 0.23606042896932378
6.3327020040080155 0.013706868535242755
6.352741883767535 -0.03320088979486574
6.372781763527054 0.06535920846109175
6.392821643286573 0.8749417561462163
6.412861523046092 0.0023111997315488804
6.432901402805611 0.8871221839780862
6.4529412825651296 0.0022774341220911055
6.472981162324649 0.07001171865830948
6.493021042084168 0.11977483787745315
6.513060921843687 0.19922679130378015
6.533100801603206 -0.11630200415620619
6.553140681362725 0.11707415347253405
6.5731805611222445 0.25721630538091617
6.593220440881764 0.0007069390319401527
6.613260320641282 0.3137758489632447
6.633300200400801 0.05449078086807152
6.65334008016032 -0.02476954778026627
6.673379959919839 0.07363528910980624
6.6934198396793585 -0.027810036259604563
6.713459719438878 0.33678907141242403
6.733499599198397 0.006919694774910145
6.753539478957916 -0.07682246014274267
6.773579358717434 -9.809977370823792e-06
6.793619238476953 0.04444937505089034
6.8136591182364725 0.035175045400667126
6.833698997995992 0.11980379322737925
6.853738877755511 0.23679404414145921
6.87377875751503 -0.05027098321647712
6.893818637274549 0.2650479005101493
6.913858517034068 0.015376159377205018
6.9338983967935865 0.17559524162045134
6.953938276553106 -2.9792678915838277e-06
6.973978156312625 0.37258546323080816
6.994018036072144 0.014242390330139486
7.014057915831663 0.3293318241440067
7.034097795591182 0.1747378018807626
7.0541376753507015 0.17024504725444473
7.07417755511022 0.2084445156739378
7.094217434869739 0.004131804738154751
7.114257314629258 0.1510556652393082
7.134297194388777 0.0009028018187197734
7.154337074148296 0.26914052485741324
7.1743769539078155 0.004764643178503818
7.194416833667335 -0.0586518190530553
7.214456713426854 0.1980879031799352
7.234496593186372 0.18159035270546164
7.254536472945891 -0.02319160838007551
7.27457635270541 0.007996676653694752
7.2946162324649295 0.4081093130777972
7.314656112224449 0.00016089069464130779
7.334695991983968 -0.04172068739432175
7.354735871743487 0.06827888912144099
7.374775751503006 0.11310775787688084
7.394815631262524 0.12403568471079968
7.4148555110220435 0.08853623841967573
7.434895390781563 0.22120262620964007
7.454935270541082 0.017109017372747132
7.474975150300601 0.016413881229492368
7.49501503006012 0.0007362226492634128
7.515054909819639 0.10491478997981381
7.5350947895791585 0.059251919492075394
7.555134669338677 0.1305810829637688
7.575174549098196 -0.02644202564481269
7.595214428857715 0.018593568588088673
7.615254308617234 0.05157048476535485
7.635294188376753 -7.62496476468638e-05
7.6553340681362725 0.057888931972090156
7.675373947895792 -0.0035350523191647132
7.69541382765531 0.21166997778613733
7.715453707414829 0.01392130206264499
7.735493587174348 0.08827542558887506
7.755533466933867 0.025805640691576648
7.7755733466933865 -0.0044685367771371744
7.795613226452906 -0.003508649095118115
7.815653106212425 0.0024396330775303815
7.835692985971944 -0.04297580684798094
7.855732865731462 -0.00323746881262147
7.875772745490981 0.11606785893153997
7.8958126252505005 0.050489220860990704
7.91585250501002 0.027180051509470834
7.935892384769539 0.14949652343392406
7.955932264529058 0.018816478532737147
7.975972144288577 0.08334504310135053
7.996012024048096 0.0010811059780809255
8.016051903807615 0.1591701017683859
8.036091783567134 0.006086106055279636
8.056131663326653 0.1496163595316166
8.076171543086172 0.07066102390306543
8.096211422845691 0.04775178070769213
8.11625130260521 0.020832196030431696
8.13629118236473 0.014997382530116928
8.156331062124249 0.11766982055415649
8.176370941883768 0.0011814164939486461
8.196410821643287 0.0273306254568465
8.216450701402806 5.08819217609708e-05
8.236490581162325 0.18719407819572975
8.256530460921843 0.0034027073127772885
8.276570340681362 -0.04065142213586515
8.296610220440881 0.06787401222187563
8.3166501002004 0.011529896456016112
8.33668997995992 0.013235840416275771
8.356729859719438 0.0003076648463702981
8.376769739478958 0.02107045195642387
8.396809619238477 0.0036136040123347364
8.416849498997996 0.03774350510539075
8.436889378757515 0.03298500306559476
8.456929258517034 0.037306822227371125
8.476969138276553 0.06796724257338792
8.497009018036072 0.007754687858058724
8.517048897795592 0.07758292129566656
8.53708877755511 0.00016870247501598156
8.557128657314628 0.08616201497385431
8.577168537074147 0.0026979258730827527
8.597208416833666 0.09769849448768607
8.617248296593186 -0.007006424248669281
8.637288176352705 0.006206280098430835
8.657328056112224 0.040441191616234086
8.677367935871743 0.012010216395016485
8.697407815631262 0.058622356354632615
8.717447695390781 1.3442085443433232e-05
8.7374875751503 0.010074728464118594
8.75752745490982 0.004798286211358553
8.777567334669339 0.00853724260136015
8.797607214428858 0.024846937373467465
8.817647094188377 0.0069000899072553246
8.837686973947896 0.049190153640439035
8.857726853707415 0.011822762262050765
8.877766733466933 0.06786930677682372
8.897806613226452 -3.0034138677713424e-06
8.917846492985971 0.11142630901197788
8.93788637274549 0.0014973467422773675
8.95792625250501 0.02787281030076467
8.977966132264529 -0.03227942301814713
8.998006012024048 0.013225964326991217
9.018045891783567 -0.040146308049828376
9.038085771543086 0.010165933284479374
9.058125651302605 0.0637167160667577
9.078165531062124 0.0001549642988219785
9.098205410821643 0.018241002500924256
9.118245290581163 0.011108462864464262
9.138285170340682 0.008166050410392551
9.158325050100201 0.02718220255057696
9.178364929859718 0.008114541701269136
9.198404809619237 0.04606495116879782
9.218444689378757 0.0035997368165818907
9.238484569138276 -0.009723918981462132
9.258524448897795 0.00027124660200644296
9.278564328657314 0.037103476460636935
9.298604208416833 0.015664230234518392
9.318644088176352 0.04299654360257034
9.338683967935872 0.013481216473753806
9.35872384769539 0.007973102473912738
9.37876372745491 0.020926339503720016
9.398803607214429 0.003238764220949243
9.418843486973948 -0.010776972026652778
9.438883366733467 5.186740341028127e-05
9.458923246492986 -0.005333789773490355
9.478963126252506 0.007634501011997279
9.499003006012023 0.05674929797272537
9.519042885771542 0.00027378051956407053
9.539082765531061 0.009820923287765435
9.55912264529058 0.054365951857688576
9.5791625250501 0.002712492480736849
9.599202404809619 0.05651589569666763
9.619242284569138 0.000394157390686791
9.639282164328657 0.04287920185626245
9.659322044088176 -0.009152549134886749
9.679361923847695 0.019015251794839712
9.699401803607214 0.006123697503438456
9.719441683366734 0.005676706160700581
9.739481563126253 -0.0012821888215678542
9.759521442885772 4.192869312039269e-05
9.779561322645291 0.01779256025832227
9.799601202404808 0.0010163208957237044
9.819641082164328 0.01633122776438736
9.839680961923847 0.006629139201367103
9.859720841683366 0.01211167191210246
9.879760721442885 0.030448166839320646
9.899800601202404 0.007040382305555999
9.919840480961923 -0.01351873357408231
9.939880360721443 0.00020202767667747978
9.959920240480962 0.02440501961284019
9.97996012024048 0.0014735663684897315
10.0 0.0502882068943389
